0 0.958526 0.764146 0.0798611 0.0900206
0 0.766975 0.771091 0.091821 0.0823045
0 0.0131173 0.500257 0.0262346 0.0766461
0 0.195795 0.79501 0.0922068 0.0756173
0 0.023341 0.803498 0.0466821 0.0771605
0 0.5951 0.270062 0.0906636 0.0792181
0 0.181713 0.280093 0.0949074 0.0807613
0 0.119985 0.500772 0.0925926 0.0756173
0 0.0266204 0.281121 0.0532407 0.0776749
0 0.702739 0.486626 0.0868056 0.0751029
0 0.563657 0.777778 0.087963 0.0751029
0 0.425926 0.494856 0.0864198 0.0781893
0 0.780285 0.26106 0.0852623 0.0776749
0 0.911651 0.250514 0.0864198 0.0761317
0 0.553241 0.49537 0.0825617 0.0771605
0 0.277778 0.496914 0.0910494 0.0781893
