0 0.699218 0.324366 0.699253 0.373506 0.773635 0.373414 0.773601 0.324273 0.941106
0 0.884906 0.375361 0.885206 0.323122 0.806025 0.322316 0.805726 0.374555 0.936793
0 0.651145 0.373077 0.651381 0.321943 0.566887 0.321248 0.566651 0.372383 0.933973
0 0.75043 0.131303 0.750676 0.0825954 0.669189 0.0818624 0.668943 0.13057 0.923578
0 0.631716 0.135437 0.631846 0.0840622 0.551661 0.0837029 0.551531 0.135078 0.922122
0 0.49727 0.375383 0.497486 0.320899 0.407004 0.320263 0.406789 0.374747 0.911895
2 0.536785 0.757518 0.536818 0.707142 0.460387 0.707052 0.460354 0.757428 0.90325
2 0.273611 0.701478 0.27368 0.753281 0.343629 0.753115 0.343559 0.701312 0.898416
2 0.524701 0.446459 0.525051 0.509277 0.600359 0.508532 0.60001 0.445714 0.898323
2 0.110887 0.710784 0.11106 0.761513 0.182993 0.761077 0.18282 0.710348 0.898164
0 0.95564 0.126939 0.956036 0.0783455 0.879333 0.0772348 0.878937 0.125828 0.887711
0 0.356288 0.372416 0.356413 0.322044 0.272273 0.321674 0.272148 0.372045 0.88224
2 0.243409 0.121182 0.243487 0.066314 0.159405 0.066102 0.159327 0.120969 0.873094
0 0.963639 0.374674 0.999991 0.374917 1.00018 0.324559 0.963829 0.324316 0.870176
0 0.858331 0.130616 0.858578 0.0790101 0.782459 0.0783636 0.782212 0.129969 0.868104
4 0.933911 0.395904 0.933959 0.414661 0.954719 0.414567 0.954671 0.395811 0.861242
2 0.957506 1.00007 0.957841 0.954693 0.866448 0.953494 0.866113 0.998868 0.789172
2 0.966821 0.797049 0.999096 0.797928 0.99994 0.742781 0.967665 0.741902 0.78862
2 0.768977 1.00042 0.769101 0.951418 0.679016 0.95101 0.678891 1.00001 0.764696
2 0.390444 0.129381 0.390648 0.0714 0.3025 0.070847 0.302295 0.128828 0.728469
2 0.100591 0.383766 0.100655 0.320953 0.0201525 0.320805 0.0200875 0.383618 0.713863
2 0.591293 0.999995 0.591466 0.960448 0.507698 0.959796 0.507525 0.999343 0.711917
0 0.141573 0.322121 0.141917 0.381285 0.216252 0.380517 0.215908 0.321352 0.71188
2 0.172565 0.740941 0.172639 0.794937 0.253522 0.79474 0.253448 0.740744 0.710501
4 0.763869 0.28127 0.763939 0.293254 0.774983 0.29314 0.774913 0.281156 0.686191
2 0.502208 0.129943 0.502383 0.0778511 0.419226 0.0773566 0.419051 0.129449 0.682149
2 0.143068 1.00015 0.143106 0.962906 0.0652017 0.962768 0.0651645 1.00001 0.668411
2 0.334745 0.958827 0.334955 1.00132 0.413231 1.00063 0.413021 0.958138 0.659467
2 0.0712459 0.124481 0.0714159 0.0709154 -0.000775466 0.070508 -0.000945492 0.124074 0.658009
2 0.885558 0.793944 0.885705 0.744113 0.802239 0.743675 0.802093 0.793507 0.647746
2 0.196352 0.963306 0.196357 0.999572 0.27354 0.999554 0.273535 0.963287 0.64723
0 0.705312 0.707299 0.705486 0.755906 0.780895 0.755425 0.780721 0.706819 0.612647
2 0.674497 0.796136 0.674868 0.745507 0.589439 0.744393 0.589067 0.795022 0.590935
2 0.000825615 0.792706 0.0122457 0.792474 0.0116699 0.742234 0.000249719 0.742467 0.586827
2 0.350178 0.74121 0.350366 0.791312 0.434954 0.790749 0.434766 0.740647 0.585968
0 0.353258 0.742024 0.353341 0.790368 0.436696 0.790115 0.436614 0.741771 0.57614
4 0.736953 0.168344 0.744221 0.168428 0.744316 0.153933 0.737048 0.153849 0.506218
2 0.000251522 0.998182 0.0223749 0.998293 0.022473 0.963513 0.000349617 0.963402 0.489841
2 0.704603 0.703938 0.704792 0.754121 0.780532 0.753615 0.780344 0.703432 0.458716
0 0.141528 0.999344 0.141678 0.962484 0.0672885 0.961944 0.067138 0.998804 0.411513
4 0.926931 0.508926 0.952111 0.511138 0.953785 0.47727 0.928604 0.475058 0.37146
4 0.124424 0.432415 0.125225 0.404728 0.1039 0.403631 0.103099 0.431318 0.35149
4 0.801134 0.464328 0.801559 0.435009 0.77135 0.43423 0.770925 0.463549 0.343986
4 0.699007 0.951502 0.71016 0.952375 0.71094 0.934663 0.699787 0.933791 0.308466
4 0.699685 0.049921 0.699949 0.0700089 0.719799 0.0695452 0.719535 0.0494573 0.291638
