0 0.19919 0.737732 0.199248 0.684902 0.115458 0.68474 0.1154 0.73757 0.961481
0 0.826803 0.336585 0.826851 0.28842 0.749467 0.288283 0.749419 0.336448 0.953676
0 0.345932 0.738809 0.34627 0.687425 0.263335 0.686457 0.262998 0.737841 0.953567
0 0.969401 0.333543 0.96968 0.288221 0.892674 0.287379 0.892395 0.332701 0.951932
2 0.199005 0.351165 0.199203 0.299175 0.118519 0.298628 0.11832 0.350618 0.914796
2 0.939424 0.103014 0.93947 0.0472675 0.864524 0.0471587 0.864478 0.102905 0.914612
0 0.0528032 0.728585 0.0528082 0.679944 -0.000657911 0.679934 -0.000662904 0.728575 0.914353
2 0.346994 0.117696 0.347076 0.0592289 0.271119 0.05904 0.271037 0.117507 0.912263
2 0.0800928 0.0549322 0.0801858 0.114129 0.151733 0.113929 0.15164 0.0547323 0.909374
2 0.740399 0.110862 0.740418 0.0596883 0.661291 0.0596369 0.661273 0.11081 0.907924
2 0.564875 0.110847 0.564883 0.0562221 0.488076 0.0562019 0.488068 0.110827 0.907399
0 0.483716 0.737437 0.483732 0.687618 0.39882 0.68757 0.398805 0.73739 0.894432
2 0.84126 0.944119 0.841376 0.993603 0.911956 0.993309 0.91184 0.943825 0.891454
2 0.580713 0.943868 0.581005 0.999171 0.661967 0.998411 0.661675 0.943108 0.884749
2 0.386154 0.347379 0.386183 0.29772 0.306295 0.297636 0.306266 0.347296 0.873348
2 0.312096 0.9345 0.312325 1.00157 0.387403 1.00112 0.387174 0.934045 0.859768
2 0.998971 0.721978 0.999138 0.666617 0.92956 0.666245 0.929393 0.721606 0.853436
2 0.0498822 0.351289 0.0506188 0.299167 0.001539 0.297933 0.000802362 0.350056 0.840988
2 0.48299 0.998521 0.48329 0.948039 0.416249 0.94733 0.415949 0.997812 0.828521
2 0.736275 0.940432 0.736963 0.994799 0.815814 0.993024 0.815125 0.938657 0.822564
2 0.210607 0.999431 0.211 0.945473 0.131554 0.944446 0.131161 0.998403 0.793533
2 0.540837 0.684362 0.541116 0.732968 0.63049 0.732057 0.630212 0.683451 0.760591
0 0.56076 0.290597 0.560842 0.339496 0.644182 0.33925 0.644101 0.290351 0.739689
2 0.813417 0.729025 0.813796 0.673487 0.726286 0.672426 0.725907 0.727964 0.730075
4 0.372179 0.0961288 0.372193 0.120613 0.393529 0.120591 0.393515 0.0961077 0.683653
4 0.138173 0.600958 0.138692 0.619003 0.166305 0.617592 0.165786 0.599547 0.623718
2 0.00175875 0.943584 0.00216795 0.995013 0.0585804 0.994215 0.0581712 0.942786 0.613777
4 0.794917 0.761273 0.795061 0.780697 0.814083 0.780446 0.813939 0.761022 0.581669
4 0.614275 0.785825 0.614581 0.76907 0.596253 0.768475 0.595947 0.78523 0.359957
4 0.893239 0.731936 0.893295 0.718249 0.877256 0.718132 0.8772 0.731819 0.334612
4 0.684789 0.908988 0.684839 0.889451 0.665926 0.889365 0.665875 0.908902 0.292863
4 0.0314059 0.0411105 0.0317299 0.013726 0.00803005 0.0132276 0.00770609 0.040612 0.250501
