0 0.553849 0.246214 0.553878 0.303069 0.637049 0.302995 0.63702 0.24614 0.973971
0 0.46057 0.527287 0.460771 0.470161 0.387376 0.469702 0.387175 0.526828 0.964314
0 0.346248 0.251802 0.346253 0.304222 0.431601 0.304208 0.431596 0.251787 0.957388
0 0.663771 0.462536 0.664144 0.514614 0.740435 0.513644 0.740062 0.461565 0.944839
0 0.591416 0.524139 0.591438 0.469238 0.519895 0.469189 0.519873 0.52409 0.94294
0 0.740824 0.234701 0.740983 0.291749 0.814521 0.291385 0.814362 0.234337 0.940326
0 0.601577 0.80695 0.601614 0.754258 0.523696 0.754161 0.523659 0.806852 0.931256
2 0.219499 0.31297 0.219594 0.26139 0.142814 0.261138 0.142719 0.312719 0.919767
0 0.875561 0.224352 0.875877 0.280275 0.946687 0.279563 0.946371 0.22364 0.886562
2 0.0439465 0.31191 0.0446528 0.258291 0.0014986 0.257281 0.000792304 0.3109 0.883274
0 0.613578 0.998982 0.613631 0.975381 0.535203 0.97507 0.53515 0.998671 0.872881
2 0.0828937 0.479291 0.0830026 0.529375 0.157522 0.529087 0.157414 0.479003 0.859662
2 0.931345 0.738472 0.931846 0.795981 1.00125 0.794905 1.00075 0.737396 0.858312
2 0.15567 0.770854 0.155797 0.826387 0.235305 0.826065 0.235178 0.770532 0.853648
2 0.843763 0.444519 0.844486 0.500749 0.931126 0.49877 0.930403 0.442539 0.797582
4 0.204631 -0.00122814 0.204757 0.0283041 0.255408 0.0279205 0.255282 -0.00161166 0.778059
0 0.341113 0.762585 0.341285 0.814514 0.416899 0.814068 0.416727 0.762139 0.691916
0 -0.000648634 0.828979 0.036464 0.830508 0.0377012 0.77714 0.000588517 0.775611 0.671393
2 0.237668 0.476953 0.237946 0.528151 0.316676 0.527391 0.316398 0.476193 0.579401
0 0.72652 0.750346 0.726966 0.806503 0.80991 0.80533 0.809463 0.749173 0.54319
2 0.728027 0.751481 0.728249 0.804289 0.810979 0.803672 0.810757 0.750864 0.540936
0 0.794677 0.976557 0.794695 0.998268 0.872044 0.998158 0.872026 0.976446 0.518193
2 0.975773 0.968226 0.976063 0.997998 1.00025 0.997581 0.999965 0.967808 0.49912
0 0.236667 0.475897 0.236961 0.527318 0.3168 0.526506 0.316506 0.475085 0.476882
2 0.00061847 0.531096 0.0201612 0.531034 0.0200689 0.47928 0.000526169 0.479342 0.467797
0 0.675009 0.983946 0.675062 1.00084 0.735185 1.0005 0.735132 0.983611 0.444412
0 0.000312991 0.528826 0.0197156 0.529332 0.0204551 0.478908 0.00105254 0.478402 0.416269
0 0.442019 1.001 0.442055 0.985403 0.361112 0.985071 0.361076 1.00066 0.411867
2 0.798983 0.977377 0.799005 0.999083 0.874152 0.998946 0.87413 0.97724 0.258943
